Temperatura_Media	Ano	Mes
25.4428	1901	1
25.6852	1901	2
25.4134	1901	3
24.6807	1901	4
24.2498	1901	5
23.6233	1901	6
23.9889	1901	7
24.5464	1901	8
25.4163	1901	9
25.9019	1901	10
25.3493	1901	11
25.2841	1901	12
25.4154	1902	1
25.878	1902	2
25.5431	1902	3
25.2931	1902	4
24.7728	1902	5
24.3457	1902	6
24.0495	1902	7
23.6911	1902	8
25.408	1902	9
25.5335	1902	10
25.9746	1902	11
26.0127	1902	12
25.3233	1903	1
25.7234	1903	2
25.7457	1903	3
25.0774	1903	4
24.1325	1903	5
24.0238	1903	6
23.7238	1903	7
24.1607	1903	8
25.2533	1903	9
25.3112	1903	10
25.4216	1903	11
25.7167	1903	12
25.0649	1904	1
25.4235	1904	2
25.2458	1904	3
24.9627	1904	4
23.6202	1904	5
23.057	1904	6
23.413	1904	7
23.8104	1904	8
24.9	1904	9
25.1578	1904	10
25.3359	1904	11
25.2219	1904	12
25.1291	1905	1
25.4753	1905	2
24.9352	1905	3
24.6405	1905	4
24.6035	1905	5
23.8587	1905	6
23.4819	1905	7
24.1923	1905	8
25.0692	1905	9
26.2031	1905	10
25.6534	1905	11
25.7393	1905	12
25.2387	1906	1
25.3513	1906	2
25.3431	1906	3
24.9139	1906	4
24.5172	1906	5
23.0143	1906	6
23.6138	1906	7
24.4442	1906	8
24.8271	1906	9
25.6293	1906	10
25.668	1906	11
25.5985	1906	12
25.2071	1907	1
25.4104	1907	2
25.713	1907	3
25.0019	1907	4
23.9344	1907	5
23.6279	1907	6
22.872	1907	7
23.7429	1907	8
25.2631	1907	9
25.4562	1907	10
25.5677	1907	11
25.8325	1907	12
25.6288	1908	1
25.9109	1908	2
25.5208	1908	3
25.1811	1908	4
24.4295	1908	5
23.7783	1908	6
23.9447	1908	7
23.624	1908	8
25.3185	1908	9
25.1056	1908	10
25.3861	1908	11
25.8156	1908	12
25.7951	1909	1
25.8793	1909	2
25.5469	1909	3
25.1736	1909	4
23.6469	1909	5
23.4954	1909	6
23.5171	1909	7
24.2436	1909	8
25.1402	1909	9
25.3059	1909	10
25.4995	1909	11
25.3486	1909	12
25.5646	1910	1
25.6468	1910	2
25.1937	1910	3
25.1564	1910	4
23.5008	1910	5
23.8132	1910	6
23.5883	1910	7
24.4406	1910	8
25.2904	1910	9
25.2594	1910	10
25.3558	1910	11
25.349	1910	12
25.2726	1911	1
25.7826	1911	2
24.8326	1911	3
24.8378	1911	4
24.2726	1911	5
23.0571	1911	6
23.0756	1911	7
23.9917	1911	8
24.9372	1911	9
25.3857	1911	10
26.0043	1911	11
25.8802	1911	12
25.5096	1912	1
25.6529	1912	2
25.6174	1912	3
25.2739	1912	4
24.4871	1912	5
23.6283	1912	6
22.413	1912	7
24.2288	1912	8
24.2782	1912	9
25.1787	1912	10
25.6648	1912	11
25.3029	1912	12
25.2876	1913	1
25.5254	1913	2
25.3925	1913	3
25.1836	1913	4
23.9629	1913	5
23.2471	1913	6
23.727	1913	7
23.8924	1913	8
24.7925	1913	9
25.5597	1913	10
25.9073	1913	11
25.4638	1913	12
25.8369	1914	1
25.5387	1914	2
25.7268	1914	3
25.0412	1914	4
23.8815	1914	5
24.174	1914	6
24.2315	1914	7
23.8094	1914	8
25.3626	1914	9
25.6757	1914	10
26.0031	1914	11
25.7589	1914	12
25.944	1915	1
25.7377	1915	2
25.679	1915	3
25.6111	1915	4
25.6675	1915	5
23.1536	1915	6
23.7383	1915	7
24.6544	1915	8
24.8876	1915	9
25.7494	1915	10
25.3486	1915	11
25.498	1915	12
25.5292	1916	1
25.5913	1916	2
25.1363	1916	3
25.0546	1916	4
24.1889	1916	5
22.5399	1916	6
22.9186	1916	7
24.1947	1916	8
25.6236	1916	9
25.2353	1916	10
25.4112	1916	11
25.0807	1916	12
24.9708	1917	1
24.842	1917	2
24.8985	1917	3
24.3538	1917	4
22.6981	1917	5
22.254	1917	6
22.5059	1917	7
23.2899	1917	8
24.6931	1917	9
25.0706	1917	10
25.0748	1917	11
25.0578	1917	12
25.042	1918	1
24.9086	1918	2
25.2893	1918	3
24.808	1918	4
24.0891	1918	5
23.2549	1918	6
22.9302	1918	7
23.6501	1918	8
24.9391	1918	9
25.5817	1918	10
25.7694	1918	11
25.5148	1918	12
25.674	1919	1
26.0504	1919	2
26.0848	1919	3
25.2359	1919	4
25.29	1919	5
24.2317	1919	6
23.8839	1919	7
23.415	1919	8
24.5535	1919	9
25.5344	1919	10
25.531	1919	11
25.4192	1919	12
25.5921	1920	1
25.7305	1920	2
25.4432	1920	3
25.1477	1920	4
23.8878	1920	5
22.7493	1920	6
22.6417	1920	7
23.3441	1920	8
24.9131	1920	9
25.8933	1920	10
25.6618	1920	11
25.2623	1920	12
25.2483	1921	1
25.3842	1921	2
25.2327	1921	3
24.5523	1921	4
24.2148	1921	5
21.9786	1921	6
21.8082	1921	7
24.0452	1921	8
24.5681	1921	9
25.2472	1921	10
24.8733	1921	11
25.5949	1921	12
25.3578	1922	1
25.3545	1922	2
25.1979	1922	3
24.6797	1922	4
23.659	1922	5
22.7558	1922	6
22.6978	1922	7
23.842	1922	8
24.7445	1922	9
24.6716	1922	10
25.1011	1922	11
24.9685	1922	12
25.0443	1923	1
25.121	1923	2
25.0485	1923	3
24.618	1923	4
23.117	1923	5
23.0231	1923	6
22.1502	1923	7
23.8557	1923	8
24.9094	1923	9
25.3086	1923	10
25.3799	1923	11
25.6912	1923	12
25.5478	1924	1
25.4219	1924	2
25.4808	1924	3
24.7834	1924	4
23.3995	1924	5
22.8834	1924	6
22.66	1924	7
22.7177	1924	8
24.4151	1924	9
24.3783	1924	10
25.137	1924	11
25.0816	1924	12
24.8965	1925	1
25.0677	1925	2
24.7	1925	3
25.0513	1925	4
23.8999	1925	5
22.5932	1925	6
22.5757	1925	7
24.3368	1925	8
24.7598	1925	9
25.1201	1925	10
25.3842	1925	11
25.6523	1925	12
25.5491	1926	1
25.7196	1926	2
25.7088	1926	3
24.9825	1926	4
23.5167	1926	5
23.5523	1926	6
22.7634	1926	7
24.1524	1926	8
25.5318	1926	9
25.3885	1926	10
25.7968	1926	11
25.2756	1926	12
25.0293	1927	1
25.1665	1927	2
25.0265	1927	3
24.6888	1927	4
23.5544	1927	5
22.3935	1927	6
22.2642	1927	7
23.6024	1927	8
24.6889	1927	9
25.1525	1927	10
25.6524	1927	11
25.3592	1927	12
25.4502	1928	1
25.6345	1928	2
25.3235	1928	3
25.2868	1928	4
23.9237	1928	5
23.3907	1928	6
22.7564	1928	7
23.1264	1928	8
24.5114	1928	9
25.1445	1928	10
25.4769	1928	11
25.1618	1928	12
25.5329	1929	1
25.314	1929	2
24.9706	1929	3
24.284	1929	4
23.0428	1929	5
22.9651	1929	6
22.8274	1929	7
23.7923	1929	8
24.9791	1929	9
25.4418	1929	10
25.1115	1929	11
24.9743	1929	12
25.1953	1930	1
25.2427	1930	2
25.4132	1930	3
24.814	1930	4
24.316	1930	5
23.9671	1930	6
22.9728	1930	7
24.2035	1930	8
24.7428	1930	9
25.1953	1930	10
25.345	1930	11
25.5114	1930	12
26.0197	1931	1
25.802	1931	2
25.4853	1931	3
25.2081	1931	4
23.6992	1931	5
22.9368	1931	6
23.149	1931	7
23.8836	1931	8
24.4413	1931	9
25.2312	1931	10
25.106	1931	11
25.2408	1931	12
25.0637	1932	1
25.5618	1932	2
25.1899	1932	3
25.4709	1932	4
23.8597	1932	5
23.3241	1932	6
23.8304	1932	7
23.6204	1932	8
25.0153	1932	9
25.4107	1932	10
25.8245	1932	11
25.2882	1932	12
25.3335	1933	1
25.4097	1933	2
25.12	1933	3
24.5199	1933	4
24.0432	1933	5
22.4001	1933	6
22.3603	1933	7
23.8937	1933	8
25.0946	1933	9
25.2572	1933	10
24.9909	1933	11
25.0551	1933	12
25.0627	1934	1
24.769	1934	2
24.8458	1934	3
24.4223	1934	4
23.7542	1934	5
23.2966	1934	6
22.8629	1934	7
23.8021	1934	8
24.6721	1934	9
24.7136	1934	10
25.38	1934	11
25.237	1934	12
25.3874	1935	1
25.133	1935	2
25.3332	1935	3
24.2327	1935	4
23.3859	1935	5
23.2951	1935	6
23.2743	1935	7
23.8411	1935	8
24.7071	1935	9
25.4685	1935	10
25.359	1935	11
25.809	1935	12
25.2986	1936	1
25.3039	1936	2
25.4029	1936	3
25.0622	1936	4
24.9045	1936	5
23.7108	1936	6
23.045	1936	7
23.6173	1936	8
25.1238	1936	9
25.8227	1936	10
25.4456	1936	11
25.4745	1936	12
25.2763	1937	1
25.7709	1937	2
25.4431	1937	3
24.5277	1937	4
23.5626	1937	5
23.5221	1937	6
23.351	1937	7
24.5958	1937	8
25.0222	1937	9
25.1448	1937	10
25.7739	1937	11
25.6087	1937	12
25.5695	1938	1
25.8879	1938	2
25.2354	1938	3
24.4989	1938	4
23.9008	1938	5
23.285	1938	6
23.4273	1938	7
23.7415	1938	8
24.9397	1938	9
25.0261	1938	10
25.2799	1938	11
25.3127	1938	12
25.4231	1939	1
25.2416	1939	2
25.2266	1939	3
24.5872	1939	4
24.4672	1939	5
23.535	1939	6
22.7518	1939	7
24.0005	1939	8
24.655	1939	9
25.6032	1939	10
25.5958	1939	11
25.5389	1939	12
25.4619	1940	1
25.7041	1940	2
25.4869	1940	3
25.0382	1940	4
24.6565	1940	5
23.4778	1940	6
24.0179	1940	7
23.8799	1940	8
24.9313	1940	9
25.4738	1940	10
25.3644	1940	11
26.1085	1940	12
25.7955	1941	1
26.1292	1941	2
25.6799	1941	3
25.8928	1941	4
24.6358	1941	5
23.2953	1941	6
23.6356	1941	7
24.8099	1941	8
24.1058	1941	9
25.8862	1941	10
25.7972	1941	11
26.005	1941	12
26.2564	1942	1
25.7398	1942	2
25.8146	1942	3
25.398	1942	4
24.1434	1942	5
22.9	1942	6
22.3665	1942	7
24.3412	1942	8
25.3922	1942	9
25.5612	1942	10
25.858	1942	11
25.2783	1942	12
25.3621	1943	1
25.3918	1943	2
25.202	1943	3
24.5034	1943	4
24.5286	1943	5
23.5829	1943	6
23.3258	1943	7
22.9692	1943	8
24.515	1943	9
26.0397	1943	10
25.6657	1943	11
25.1774	1943	12
25.4578	1944	1
25.546	1944	2
25.4031	1944	3
24.617	1944	4
24.0242	1944	5
23.5956	1944	6
23.2115	1944	7
24.7568	1944	8
25.5311	1944	9
26.2225	1944	10
25.5298	1944	11
26.0072	1944	12
25.6423	1945	1
25.331	1945	2
25.4867	1945	3
25.0176	1945	4
23.2768	1945	5
22.5488	1945	6
23.2919	1945	7
25.0599	1945	8
25.3376	1945	9
25.6492	1945	10
25.546	1945	11
25.3185	1945	12
25.2571	1946	1
25.7683	1946	2
25.3514	1946	3
24.7068	1946	4
24.4576	1946	5
23.3629	1946	6
23.0809	1946	7
24.0058	1946	8
25.4504	1946	9
25.7074	1946	10
25.9481	1946	11
25.4797	1946	12
25.5285	1947	1
25.7463	1947	2
25.1614	1947	3
24.8445	1947	4
24.1196	1947	5
23.6904	1947	6
22.7861	1947	7
23.9365	1947	8
24.9213	1947	9
25.106	1947	10
25.1477	1947	11
25.0271	1947	12
25.5888	1948	1
25.5859	1948	2
24.9014	1948	3
24.7213	1948	4
24.087	1948	5
23.6453	1948	6
23.6777	1948	7
23.8485	1948	8
25.0646	1948	9
25.4287	1948	10
25.3779	1948	11
25.5492	1948	12
25.1227	1949	1
24.9089	1949	2
25.4579	1949	3
24.1491	1949	4
23.5684	1949	5
23.6744	1949	6
22.7978	1949	7
23.6891	1949	8
25.0653	1949	9
25.1746	1949	10
25.533	1949	11
25.4862	1949	12
25.1846	1950	1
25.2541	1950	2
24.6371	1950	3
24.5733	1950	4
23.8454	1950	5
23.3278	1950	6
22.973	1950	7
24.0039	1950	8
25.2182	1950	9
25.3269	1950	10
25.3602	1950	11
25.1799	1950	12
25.0395	1951	1
25.2368	1951	2
25.2317	1951	3
23.8082	1951	4
23.7836	1951	5
22.7999	1951	6
22.7836	1951	7
23.8427	1951	8
25.3295	1951	9
25.695	1951	10
25.6609	1951	11
25.3017	1951	12
25.7659	1952	1
25.6198	1952	2
25.4734	1952	3
24.3573	1952	4
23.9028	1952	5
22.5595	1952	6
23.2535	1952	7
24.2065	1952	8
24.8829	1952	9
25.6017	1952	10
25.419	1952	11
25.3253	1952	12
25.6947	1953	1
25.487	1953	2
25.3529	1953	3
24.5924	1953	4
24.3802	1953	5
23.4139	1953	6
22.367	1953	7
24.6844	1953	8
25.4388	1953	9
25.5663	1953	10
25.6856	1953	11
25.4644	1953	12
25.5888	1954	1
25.6419	1954	2
25.256	1954	3
25.3141	1954	4
24.0854	1954	5
23.785	1954	6
23.0687	1954	7
24.3722	1954	8
25.5122	1954	9
25.6512	1954	10
25.4173	1954	11
25.4183	1954	12
25.2621	1955	1
25.3479	1955	2
25.2344	1955	3
24.5869	1955	4
23.7326	1955	5
23.3966	1955	6
22.4713	1955	7
24.1986	1955	8
25.4224	1955	9
25.3637	1955	10
25.276	1955	11
25.3182	1955	12
25.3352	1956	1
25.0056	1956	2
25.1501	1956	3
24.2029	1956	4
23.4553	1956	5
22.3317	1956	6
22.9083	1956	7
23.2023	1956	8
25.0167	1956	9
25.1951	1956	10
25.0524	1956	11
25.3191	1956	12
24.8528	1957	1
25.2672	1957	2
24.8045	1957	3
24.2977	1957	4
24.4562	1957	5
23.5247	1957	6
22.614	1957	7
24.4192	1957	8
25.0184	1957	9
25.9855	1957	10
25.5926	1957	11
25.9783	1957	12
25.9824	1958	1
26.2872	1958	2
25.5592	1958	3
25.0841	1958	4
24.3749	1958	5
23.9597	1958	6
24.0434	1958	7
24.014	1958	8
25.3578	1958	9
25.7155	1958	10
25.7638	1958	11
26.0635	1958	12
25.5165	1959	1
25.7621	1959	2
25.2019	1959	3
25.4395	1959	4
24.3328	1959	5
23.2682	1959	6
23.7981	1959	7
24.1429	1959	8
25.283	1959	9
25.8715	1959	10
25.5244	1959	11
25.9401	1959	12
25.4809	1960	1
25.4728	1960	2
25.1152	1960	3
24.6474	1960	4
23.324	1960	5
23.0559	1960	6
23.0398	1960	7
23.9992	1960	8
25.2408	1960	9
25.8876	1960	10
25.3478	1960	11
25.5191	1960	12
25.6271	1961	1
25.4802	1961	2
25.632	1961	3
25.3284	1961	4
24.4492	1961	5
23.2288	1961	6
23.6503	1961	7
25.2149	1961	8
26.2987	1961	9
26.0389	1961	10
26.0989	1961	11
25.4159	1961	12
25.5438	1962	1
25.6771	1962	2
25.6178	1962	3
24.9148	1962	4
23.9141	1962	5
22.8358	1962	6
22.5361	1962	7
24.4354	1962	8
25.7778	1962	9
25.3444	1962	10
26.0434	1962	11
25.7362	1962	12
25.8965	1963	1
25.4575	1963	2
25.5524	1963	3
25.0949	1963	4
23.9669	1963	5
23.1624	1963	6
23.6122	1963	7
24.9591	1963	8
26.3245	1963	9
27.1175	1963	10
26.2356	1963	11
25.892	1963	12
25.8576	1964	1
26.0477	1964	2
25.5364	1964	3
25.3135	1964	4
24.0042	1964	5
22.9543	1964	6
23.059	1964	7
24.6494	1964	8
25.4534	1964	9
25.1896	1964	10
25.2396	1964	11
25.3605	1964	12
25.375	1965	1
25.6063	1965	2
24.9175	1965	3
24.7902	1965	4
24.4411	1965	5
23.8373	1965	6
23.6082	1965	7
24.5765	1965	8
25.911	1965	9
26.061	1965	10
25.8746	1965	11
25.9439	1965	12
26.1041	1966	1
26.0693	1966	2
25.8063	1966	3
25.2236	1966	4
24.6305	1966	5
23.8783	1966	6
23.6111	1966	7
24.1826	1966	8
25.087	1966	9
26.2059	1966	10
25.9645	1966	11
26.0525	1966	12
25.7195	1967	1
25.5744	1967	2
25.2874	1967	3
24.8882	1967	4
24.6151	1967	5
23.2286	1967	6
23.421	1967	7
24.7898	1967	8
25.9286	1967	9
26.2791	1967	10
25.7068	1967	11
25.748	1967	12
25.4465	1968	1
25.4688	1968	2
25.1636	1968	3
24.2364	1968	4
22.8539	1968	5
23.1718	1968	6
23.4426	1968	7
24.2605	1968	8
24.7041	1968	9
25.9534	1968	10
26.0706	1968	11
25.7792	1968	12
25.8073	1969	1
26.2044	1969	2
26.0797	1969	3
25.4483	1969	4
24.8626	1969	5
23.8755	1969	6
23.5351	1969	7
24.4892	1969	8
26.0324	1969	9
25.7328	1969	10
26.4031	1969	11
25.5217	1969	12
25.8235	1970	1
25.8803	1970	2
25.7104	1970	3
25.482	1970	4
24.8032	1970	5
23.9641	1970	6
23.3154	1970	7
24.302	1970	8
25.2184	1970	9
26.0009	1970	10
25.7106	1970	11
26.2275	1970	12
25.65	1971	1
25.1997	1971	2
25.2421	1971	3
24.3679	1971	4
23.4862	1971	5
22.5239	1971	6
22.9739	1971	7
23.7331	1971	8
24.8674	1971	9
24.8062	1971	10
25.0692	1971	11
25.7409	1971	12
25.1321	1972	1
25.092	1972	2
25.4093	1972	3
24.4208	1972	4
24.4242	1972	5
24.1038	1972	6
23.4838	1972	7
24.1033	1972	8
25.1884	1972	9
25.7522	1972	10
26.0828	1972	11
26.1751	1972	12
26.4046	1973	1
26.186	1973	2
26.058	1973	3
25.8386	1973	4
24.1645	1973	5
23.9274	1973	6
22.8199	1973	7
23.8331	1973	8
24.808	1973	9
25.8328	1973	10
25.467	1973	11
25.526	1973	12
25.2625	1974	1
25.2838	1974	2
24.7862	1974	3
24.6113	1974	4
23.7174	1974	5
22.9502	1974	6
22.6928	1974	7
23.8618	1974	8
24.7572	1974	9
25.1007	1974	10
25.3135	1974	11
24.8948	1974	12
24.9917	1975	1
25.2376	1975	2
25.1288	1975	3
24.5984	1975	4
23.7032	1975	5
23.1467	1975	6
22.2127	1975	7
23.9258	1975	8
25.1857	1975	9
25.3142	1975	10
25.2568	1975	11
25.2441	1975	12
25.1891	1976	1
24.9489	1976	2
24.8034	1976	3
24.4259	1976	4
23.7212	1976	5
22.6525	1976	6
22.8773	1976	7
24.2182	1976	8
24.5391	1976	9
25.2858	1976	10
25.1953	1976	11
25.5299	1976	12
25.4591	1977	1
25.4201	1977	2
25.5686	1977	3
24.6545	1977	4
23.5454	1977	5
23.2764	1977	6
24.0704	1977	7
24.2641	1977	8
25.1133	1977	9
25.5464	1977	10
25.5913	1977	11
25.5807	1977	12
25.597	1978	1
25.7917	1978	2
25.3984	1978	3
24.7909	1978	4
23.8199	1978	5
22.9206	1978	6
23.6541	1978	7
23.2488	1978	8
24.7175	1978	9
25.5933	1978	10
25.6096	1978	11
25.6339	1978	12
25.1189	1979	1
25.5971	1979	2
25.2542	1979	3
24.8358	1979	4
24.2006	1979	5
22.505	1979	6
23.0093	1979	7
24.6077	1979	8
24.7264	1979	9
25.9264	1979	10
25.5502	1979	11
25.623	1979	12
25.3686	1980	1
25.6191	1980	2
25.6312	1980	3
25.2092	1980	4
24.5997	1980	5
23.3169	1980	6
23.4913	1980	7
24.1898	1980	8
24.5589	1980	9
25.6869	1980	10
25.3313	1980	11
25.7122	1980	12
25.416	1981	1
25.6149	1981	2
25.5471	1981	3
25.1613	1981	4
24.5317	1981	5
22.7832	1981	6
22.2528	1981	7
23.9018	1981	8
24.5159	1981	9
25.2031	1981	10
25.6243	1981	11
25.7621	1981	12
25.2681	1982	1
25.5616	1982	2
25.4257	1982	3
24.7141	1982	4
23.88	1982	5
23.7815	1982	6
23.5838	1982	7
24.276	1982	8
24.9492	1982	9
25.5799	1982	10
25.9423	1982	11
25.3724	1982	12
25.9043	1983	1
26.1714	1983	2
25.7464	1983	3
25.8077	1983	4
25.2762	1983	5
23.6784	1983	6
23.7056	1983	7
23.8282	1983	8
24.8751	1983	9
25.124	1983	10
25.4084	1983	11
25.2784	1983	12
25.6232	1984	1
25.9011	1984	2
25.4987	1984	3
24.586	1984	4
24.6309	1984	5
23.3814	1984	6
23.4723	1984	7
23.5379	1984	8
24.535	1984	9
25.8769	1984	10
25.685	1984	11
25.5822	1984	12
25.4023	1985	1
25.5248	1985	2
25.5626	1985	3
25.1162	1985	4
24.3636	1985	5
22.7636	1985	6
23.0063	1985	7
23.9407	1985	8
25.0195	1985	9
25.7245	1985	10
25.7146	1985	11
25.7328	1985	12
25.4817	1986	1
25.5837	1986	2
25.3466	1986	3
25.3847	1986	4
24.8179	1986	5
23.349	1986	6
23.0883	1986	7
24.4758	1986	8
24.7359	1986	9
25.377	1986	10
25.9191	1986	11
25.6664	1986	12
25.9384	1987	1
25.8514	1987	2
25.4643	1987	3
25.6956	1987	4
24.3651	1987	5
23.5641	1987	6
24.6679	1987	7
24.3102	1987	8
25.3741	1987	9
26.5738	1987	10
26.2792	1987	11
26.3691	1987	12
26.2763	1988	1
25.9589	1988	2
26.2304	1988	3
25.3254	1988	4
24.3856	1988	5
23.0255	1988	6
22.715	1988	7
24.547	1988	8
25.6688	1988	9
25.9219	1988	10
25.7188	1988	11
25.6654	1988	12
25.2854	1989	1
25.5579	1989	2
25.3136	1989	3
25.1852	1989	4
23.816	1989	5
23.4637	1989	6
22.5562	1989	7
24.2707	1989	8
24.9188	1989	9
25.3787	1989	10
25.8998	1989	11
25.5036	1989	12
25.8838	1990	1
25.7143	1990	2
26.0438	1990	3
25.8643	1990	4
24.2709	1990	5
23.523	1990	6
22.7812	1990	7
24.2986	1990	8
24.6622	1990	9
26.3002	1990	10
26.394	1990	11
25.901	1990	12
25.643	1991	1
25.9575	1991	2
25.6557	1991	3
25.3129	1991	4
24.791	1991	5
23.9843	1991	6
23.2685	1991	7
23.9083	1991	8
25.1664	1991	9
25.5752	1991	10
25.9412	1991	11
25.9974	1991	12
25.7081	1992	1
25.8255	1992	2
25.4243	1992	3
25.178	1992	4
25.1189	1992	5
24.2869	1992	6
22.8491	1992	7
23.8493	1992	8
24.4257	1992	9
25.5879	1992	10
25.3478	1992	11
25.3391	1992	12
25.7163	1993	1
25.3563	1993	2
25.6753	1993	3
25.5508	1993	4
24.3781	1993	5
23.6627	1993	6
23.3993	1993	7
23.9156	1993	8
25.0619	1993	9
25.9872	1993	10
25.8444	1993	11
25.7498	1993	12
25.5448	1994	1
25.7423	1994	2
25.4517	1994	3
25.2104	1994	4
24.923	1994	5
23.5394	1994	6
23.2876	1994	7
24.2654	1994	8
25.5113	1994	9
26.1809	1994	10
26.0029	1994	11
25.9198	1994	12
26.1481	1995	1
26.0212	1995	2
26.0192	1995	3
25.12	1995	4
24.2829	1995	5
23.7991	1995	6
24.2484	1995	7
25.1264	1995	8
25.7505	1995	9
26.1695	1995	10
25.8871	1995	11
25.8754	1995	12
26.0441	1996	1
26.1958	1996	2
25.5572	1996	3
25.1492	1996	4
24.4024	1996	5
22.9714	1996	6
23.4198	1996	7
24.4626	1996	8
25.1977	1996	9
25.9504	1996	10
25.7197	1996	11
26.2828	1996	12
25.7316	1997	1
25.8774	1997	2
25.2616	1997	3
25.197	1997	4
24.3401	1997	5
23.7487	1997	6
24.3372	1997	7
24.8116	1997	8
25.6764	1997	9
26.9505	1997	10
26.7617	1997	11
26.4589	1997	12
26.7072	1998	1
26.8819	1998	2
26.4072	1998	3
26.2811	1998	4
24.7912	1998	5
23.8738	1998	6
24.4916	1998	7
25.4066	1998	8
25.7172	1998	9
26.3697	1998	10
26.0175	1998	11
26.2946	1998	12
26.1067	1999	1
26.0443	1999	2
25.8348	1999	3
25.1187	1999	4
23.9345	1999	5
23.7212	1999	6
23.7914	1999	7
24.4096	1999	8
25.5916	1999	9
26.015	1999	10
25.8869	1999	11
26.1328	1999	12
25.9065	2000	1
25.7341	2000	2
25.5243	2000	3
25.2622	2000	4
24.6355	2000	5
24.0547	2000	6
22.9562	2000	7
24.7715	2000	8
25.1845	2000	9
26.5363	2000	10
25.8937	2000	11
25.9276	2000	12
25.8022	2001	1
26.1029	2001	2
26.0353	2001	3
25.8097	2001	4
24.771	2001	5
23.245	2001	6
24.2418	2001	7
25.1831	2001	8
25.6916	2001	9
26.3197	2001	10
26.4455	2001	11
26.039	2001	12
25.9703	2002	1
26.0612	2002	2
26.2802	2002	3
25.9732	2002	4
25.1945	2002	5
24.0269	2002	6
24.3371	2002	7
25.3269	2002	8
25.689	2002	9
26.9941	2002	10
26.4679	2002	11
26.3824	2002	12
26.3988	2003	1
26.4573	2003	2
26.0458	2003	3
25.709	2003	4
24.7453	2003	5
24.5994	2003	6
23.9775	2003	7
24.2107	2003	8
25.5222	2003	9
26.2036	2003	10
26.2583	2003	11
26.5912	2003	12
26.1081	2004	1
25.7854	2004	2
25.9067	2004	3
26.0214	2004	4
24.3635	2004	5
23.8823	2004	6
23.6613	2004	7
24.5159	2004	8
26.1668	2004	9
26.3803	2004	10
26.4008	2004	11
26.2449	2004	12
26.665	2005	1
26.4822	2005	2
26.1665	2005	3
25.9846	2005	4
25.1517	2005	5
24.5166	2005	6
23.9213	2005	7
25.4403	2005	8
25.2846	2005	9
26.8205	2005	10
26.7675	2005	11
25.9458	2005	12
26.5366	2006	1
26.275	2006	2
26.1044	2006	3
25.3955	2006	4
24.0456	2006	5
23.8359	2006	6
24.3867	2006	7
25.2383	2006	8
25.6825	2006	9
26.577	2006	10
26.0827	2006	11
26.471	2006	12
26.4631	2007	1
26.29	2007	2
26.1623	2007	3
25.9278	2007	4
24.7602	2007	5
24.2219	2007	6
23.949	2007	7
24.3313	2007	8
26.2888	2007	9
26.8244	2007	10
26.2846	2007	11
26.1926	2007	12
25.541	2008	1
25.7479	2008	2
25.6103	2008	3
25.177	2008	4
24.0721	2008	5
23.3609	2008	6
24.2316	2008	7
25.2559	2008	8
25.5867	2008	9
26.843	2008	10
26.1698	2008	11
26.0047	2008	12
25.786	2009	1
25.7919	2009	2
26.0315	2009	3
25.4516	2009	4
24.7343	2009	5
23.4664	2009	6
24.185	2009	7
25.1073	2009	8
26.3294	2009	9
26.5985	2009	10
27.164	2009	11
26.1718	2009	12
26.5247	2010	1
27.1162	2010	2
26.8646	2010	3
25.8815	2010	4
25.0834	2010	5
23.8137	2010	6
24.1657	2010	7
24.768	2010	8
26.6081	2010	9
26.642	2010	10
26.1814	2010	11
26.2464	2010	12
25.9	2011	1
25.9348	2011	2
25.6607	2011	3
25.6547	2011	4
24.772	2011	5
24.1581	2011	6
24.358	2011	7
25.2135	2011	8
26.2502	2011	9
26.2576	2011	10
26.0925	2011	11
26.1414	2011	12
25.6388	2012	1
25.8926	2012	2
25.8586	2012	3
25.9351	2012	4
24.9448	2012	5
24.4159	2012	6
24.159	2012	7
25.013	2012	8
26.4278	2012	9
27.1908	2012	10
26.6045	2012	11
26.5033	2012	12
26.2797	2013	1
26.421	2013	2
26.4633	2013	3
25.7173	2013	4
25.0598	2013	5
24.7923	2013	6
24.2248	2013	7
24.5482	2013	8
26.1844	2013	9
26.541	2013	10
26.1609	2013	11
26.3776	2013	12
26.351	2014	1
26.1318	2014	2
25.9359	2014	3
25.9241	2014	4
25.013	2014	5
24.5104	2014	6
24.0321	2014	7
25.2679	2014	8
26.8389	2014	9
26.9653	2014	10
26.6748	2014	11
26.3578	2014	12
26.6425	2015	1
26.3971	2015	2
26.027	2015	3
25.9741	2015	4
25.2458	2015	5
24.6914	2015	6
24.7691	2015	7
25.7966	2015	8
27.3316	2015	9
27.21	2015	10
27.3725	2015	11
27.1024	2015	12

